52 1 49 81 117 97 29 113 74 85 82 15 85 55 107 70 118 109 7 104 111 108 30 12 67 21 10 31 27 109 
69 2 88 47 61 111 42 112 83 17 86 59 108 71 16 81 86 72 21 46 36 19 107 23 37 63 42 87 118 39 
91 3 38 19 111 40 72 43 43 87 51 80 99 25 46 20 41 118 107 79 35 21 75 33 13 18 114 14 66 101 
93 4 62 63 49 50 43 45 66 55 55 23 102 42 72 66 16 10 96 97 10 92 42 57 105 49 91 65 97 23 
91 5 42 86 78 103 34 83 69 111 88 45 24 60 4 81 92 7 6 75 95 47 15 93 71 72 21 22 82 68 
51 6 52 108 58 45 22 79 98 37 76 90 100 32 112 49 80 7 5 55 111 56 25 87 33 86 13 69 113 101 
95 7 31 43 60 6 105 98 110 71 23 98 12 100 110 12 39 108 115 48 65 54 86 2 99 26 84 111 51 78 
32 8 88 110 98 15 84 51 68 17 10 115 91 18 42 95 95 98 18 31 38 20 64 39 76 105 102 72 40 118 
88 9 40 42 109 49 89 27 109 71 115 34 74 67 37 16 63 79 9 109 72 105 26 59 109 93 95 92 14 89 
77 10 112 85 10 33 47 73 87 80 80 93 37 90 117 18 90 25 92 22 38 70 48 7 64 30 84 15 64 84 
82 11 88 20 12 112 52 28 23 26 52 118 52 99 91 31 38 11 60 11 57 91 18 33 86 4 20 85 84 23 
63 12 70 11 99 29 21 114 91 20 80 79 29 19 41 17 16 49 49 95 116 41 43 76 81 83 88 67 45 2 
46 13 66 26 83 83 32 31 68 41 2 95 2 53 18 100 100 59 81 62 115 113 71 57 37 49 110 3 69 85 
35 14 42 90 73 20 12 111 100 69 116 100 117 100 85 16 66 75 43 39 56 107 50 20 15 117 87 52 117 12 
45 15 94 56 109 9 14 30 86 113 117 89 38 114 110 100 90 26 88 39 92 99 90 87 89 30 115 57 63 57 
47 16 41 34 110 18 6 8 116 34 40 36 74 6 51 50 98 87 35 57 79 23 103 2 79 20 111 82 22 55 
90 17 77 35 49 74 72 33 56 76 41 12 76 22 47 62 86 74 112 49 41 88 103 53 116 102 20 92 98 26 
70 18 24 82 119 46 40 87 97 84 26 76 110 23 56 57 68 101 40 77 50 58 30 71 32 106 38 61 37 81 
22 19 38 58 74 114 74 34 9 74 65 78 50 59 56 91 17 82 31 80 35 7 81 49 105 21 33 114 81 115 
56 20 35 80 50 106 81 55 109 41 106 78 36 21 116 83 87 107 67 70 77 10 52 5 56 110 13 110 35 8 
67 21 85 95 19 29 15 71 24 108 2 80 52 21 114 34 23 115 113 106 51 92 4 60 21 21 117 64 108 83 
67 22 118 111 29 13 73 79 58 116 50 6 111 2 58 83 71 5 104 93 46 80 91 8 11 34 66 9 8 2 
68 23 99 82 2 58 16 82 115 21 96 82 13 77 4 22 62 24 91 58 93 12 50 35 105 104 113 74 14 37 
33 24 78 89 58 100 52 117 95 13 38 79 71 47 113 103 32 116 35 100 107 36 5 20 50 26 103 92 26 92 
96 25 14 14 111 44 19 67 88 2 105 85 44 110 68 6 117 28 86 61 8 112 20 116 97 4 39 67 7 107 
48 26 60 89 78 34 110 51 69 89 14 101 102 37 38 2 118 105 9 108 107 113 73 98 24 14 118 114 44 59 
46 27 86 81 75 47 41 14 28 61 67 46 49 110 88 105 52 3 48 51 65 44 21 103 71 66 86 71 61 75 
55 28 23 93 9 78 98 114 79 96 64 55 56 102 69 36 19 36 101 86 36 97 108 85 96 35 28 31 95 106 
83 29 18 115 32 116 31 66 107 27 26 61 41 57 113 46 54 19 84 101 22 38 16 84 70 16 38 29 97 43 
82 30 53 109 13 64 58 55 30 49 109 84 46 52 105 13 113 112 75 14 39 87 80 84 26 84 117 31 106 37 
97 31 73 45 33 106 85 105 89 101 9 107 68 69 79 28 6 31 19 15 118 55 29 47 4 51 74 94 10 47 
42 32 32 53 76 55 119 68 106 54 66 99 87 80 112 65 53 66 25 7 101 67 14 41 79 38 49 93 79 64 
99 33 46 3 108 15 60 99 44 116 99 83 99 74 62 5 67 27 93 65 46 118 49 48 109 91 73 64 98 24 
73 34 16 89 13 75 109 105 69 2 8 101 58 77 85 82 28 107 36 62 2 73 74 16 60 75 43 89 27 35 
48 35 13 3 83 87 8 53 5 37 112 53 34 3 2 85 106 63 47 90 70 49 6 37 78 75 51 32 58 34 
36 36 57 64 70 59 86 4 11 118 91 71 43 115 21 7 70 102 30 92 4 65 119 76 37 117 36 12 68 30 
55 37 57 21 23 107 18 118 106 80 17 118 85 118 6 68 32 57 87 77 81 12 21 62 72 74 42 70 22 19 
56 38 31 13 64 5 71 10 36 12 28 81 119 22 118 74 74 60 117 60 16 72 106 79 97 96 25 91 36 84 
22 39 21 43 116 116 80 14 71 82 36 18 45 103 17 78 61 102 113 92 92 65 27 43 49 79 30 69 13 23 
70 40 70 80 59 22 71 104 116 54 9 105 117 32 62 50 23 82 91 71 7 63 26 65 28 33 4 26 68 107 
62 41 15 19 68 108 75 115 33 34 71 23 63 42 56 78 72 60 63 107 26 110 99 18 5 95 69 104 110 81 
84 42 48 91 81 94 29 9 55 19 99 110 89 104 71 65 94 77 64 106 84 11 51 85 57 49 58 16 66 101 
87 43 60 114 111 69 8 28 5 61 14 55 119 91 72 66 117 34 24 35 26 75 36 66 115 70 74 68 98 75 
80 44 106 85 28 68 21 119 11 39 65 50 68 112 29 91 2 100 78 69 100 46 104 72 37 46 18 14 35 94 
44 45 110 11 2 92 34 67 60 99 54 40 65 117 7 103 36 101 17 64 24 50 22 79 24 73 98 18 31 107 
73 46 66 44 70 40 102 44 74 68 20 22 88 117 63 78 42 28 50 69 81 24 21 69 70 101 106 30 111 95 
20 47 109 66 87 94 112 118 10 16 44 89 103 117 50 118 102 33 119 7 111 50 7 85 77 106 35 94 26 96 
77 48 50 109 65 31 91 91 53 53 31 91 39 75 87 64 106 67 21 62 80 110 46 114 109 81 78 59 92 93 
95 49 81 86 119 73 82 10 69 114 77 39 9 108 116 75 5 12 10 106 14 107 53 63 102 106 65 119 61 37 
68 50 14 79 36 76 115 77 15 74 112 45 40 33 111 45 116 19 41 48 108 117 97 114 12 55 9 39 76 18 
29 51 67 57 58 84 43 99 112 99 74 30 51 17 55 45 59 11 26 93 116 116 50 41 56 97 109 113 57 77 
89 52 7 92 102 111 12 119 65 109 99 51 72 12 105 110 29 80 4 106 61 14 75 74 26 51 33 30 43 59 
48 53 3 53 58 48 113 56 28 48 46 112 31 101 45 40 25 37 87 98 62 14 116 95 30 75 53 51 113 101 
80 54 107 89 24 18 49 77 12 81 44 109 64 18 2 69 80 78 106 69 21 93 58 50 5 100 20 22 74 75 
49 55 63 17 64 50 49 76 75 13 73 10 44 82 113 80 22 29 113 22 22 31 100 40 113 18 82 61 9 60 
64 56 60 17 87 24 105 11 18 30 83 78 3 87 30 12 26 16 44 51 95 28 56 17 18 103 99 5 29 59 
68 57 9 34 38 71 24 10 88 19 57 97 108 5 87 53 24 41 40 70 109 113 67 10 115 40 37 87 106 66 
48 58 26 4 58 107 15 55 2 100 91 51 20 68 115 78 71 29 8 99 117 77 68 109 93 10 33 110 9 109 
81 59 114 108 44 87 73 7 107 95 118 73 38 73 91 97 25 92 70 51 106 5 11 21 100 84 57 89 15 113 
53 60 82 97 67 14 112 98 22 111 18 45 56 3 69 69 11 91 18 92 46 33 20 66 10 45 46 119 113 35 
98 61 41 45 47 103 33 2 118 53 116 31 23 84 18 95 22 10 117 103 93 63 49 17 115 33 6 89 30 11 
70 62 117 22 112 59 7 70 90 111 117 59 52 3 94 6 93 4 40 33 62 43 48 52 94 23 58 52 114 89 
35 63 34 83 33 29 72 88 77 15 81 44 91 35 65 2 108 60 42 28 48 53 24 37 68 107 34 41 105 65 
75 64 27 51 118 43 115 46 96 4 98 79 60 11 100 116 55 43 109 7 19 48 98 14 105 103 42 31 56 67 
31 65 106 88 11 5 75 63 55 114 42 94 68 68 26 25 39 76 25 91 73 114 13 110 49 86 110 22 119 61 
62 66 83 3 2 98 111 80 79 119 101 20 84 98 45 89 25 86 68 8 44 83 56 84 52 13 9 110 36 62 
83 67 10 105 103 105 86 108 20 71 2 46 61 34 106 40 55 65 11 50 58 107 100 35 113 101 45 29 27 64 
51 68 107 28 112 97 9 40 84 109 76 94 35 4 115 47 88 26 5 95 50 66 28 108 71 36 23 105 24 89 
37 69 63 18 85 48 26 6 37 65 22 101 111 113 62 61 68 8 88 109 68 87 87 104 111 51 99 44 15 68 
90 70 16 28 77 69 119 73 37 16 70 69 47 107 15 27 29 4 57 54 11 18 72 27 69 107 85 33 90 95 
51 71 8 64 58 25 29 12 87 80 93 37 106 110 76 8 10 74 46 19 93 16 65 45 89 90 72 48 6 117 
99 72 36 22 24 108 105 61 97 46 46 85 4 93 26 88 65 33 80 92 56 74 20 37 116 30 118 80 60 93 
82 73 66 94 71 19 81 112 13 7 20 104 69 45 29 9 83 35 119 64 21 99 24 19 3 82 12 32 10 111 
90 74 110 66 103 117 4 10 46 42 107 3 42 39 54 43 67 70 61 67 68 81 32 110 61 77 23 63 50 67 
82 75 29 57 110 70 77 85 118 40 15 107 26 83 56 113 115 60 32 77 40 13 41 107 34 55 47 55 35 90 
63 76 85 52 78 96 115 112 52 116 29 15 6 16 10 27 4 93 85 3 18 19 11 93 61 77 57 114 117 48 
