78 1 74 67 88 33 59 84 83 85 66 63 5 32 
32 2 71 77 109 108 3 100 28 47 31 74 88 104 
90 3 31 16 63 83 51 39 114 9 3 100 115 111 
81 4 95 80 91 14 21 35 60 26 87 85 93 5 
40 5 75 98 71 84 50 118 96 54 40 68 97 22 
93 6 20 111 105 33 2 81 81 62 40 62 2 49 
48 7 107 38 79 59 58 25 17 31 104 16 10 33 
62 8 4 65 95 95 53 69 113 64 68 68 73 74 
22 9 51 66 2 74 46 39 72 94 56 103 10 119 
25 10 13 53 81 99 55 108 108 66 25 25 49 33 
72 11 103 2 21 66 57 97 104 98 26 48 42 33 
37 12 113 50 117 109 64 104 97 67 95 9 26 36 
56 13 36 74 109 2 89 68 103 45 19 31 84 110 
55 14 38 49 36 116 114 57 103 14 51 117 51 101 
23 15 50 70 35 71 86 63 77 98 117 76 43 91 
58 16 8 104 20 31 22 65 23 32 75 34 46 8 
44 17 20 11 33 105 62 89 108 33 10 118 29 25 
22 18 78 95 97 80 67 48 97 37 32 111 41 83 
62 19 99 47 55 97 98 27 38 43 85 106 118 45 
59 20 74 47 50 67 35 52 3 62 29 42 70 41 
61 21 102 110 2 65 11 2 49 87 65 72 53 67 
76 22 91 3 107 86 38 74 5 16 73 32 46 14 
20 23 35 62 107 100 19 112 110 79 11 12 102 113 
30 24 103 97 24 110 75 45 44 112 90 104 62 72 
35 25 119 58 4 6 2 65 91 6 68 17 114 31 
94 26 62 26 16 89 57 39 3 31 11 103 13 37 
66 27 39 96 30 112 88 71 47 34 58 6 3 55 
29 28 67 80 119 36 105 39 72 46 40 81 12 98 
40 29 113 3 92 93 33 81 72 91 76 80 31 88 
94 30 27 62 75 64 94 74 64 21 29 88 96 111 
87 31 88 78 116 23 24 102 83 98 86 24 83 108 
58 32 36 106 76 42 116 69 84 97 112 8 80 64 
91 33 90 54 116 33 62 54 6 28 103 90 113 82 
34 34 7 48 22 16 101 22 50 105 6 20 72 83 
76 35 64 19 106 76 27 99 53 37 73 6 2 46 
32 36 43 59 97 32 31 49 109 80 47 85 97 83 
77 37 23 29 6 61 64 48 90 99 52 10 67 75 
77 38 76 103 13 29 53 57 80 14 116 48 25 59 
98 39 37 63 16 65 113 56 45 77 103 54 10 80 
57 40 44 38 82 70 93 87 7 112 104 93 32 66 
57 41 111 119 77 89 111 75 13 13 30 112 114 99 
44 42 49 56 116 19 14 65 78 61 84 72 35 87 
23 43 19 102 14 39 81 63 106 46 110 38 57 13 
86 44 70 53 55 23 97 3 88 21 47 80 101 86 
33 45 7 72 44 27 50 44 24 83 41 96 97 7 
79 46 112 102 108 104 15 26 60 114 108 102 106 34 
40 47 54 10 42 81 52 23 21 95 51 35 44 116 
94 48 108 21 22 95 59 92 47 63 108 52 117 11 
83 49 64 13 17 3 104 32 69 73 32 49 62 119 
97 50 36 111 10 86 55 55 33 10 26 25 39 43 
32 51 6 103 82 48 89 89 51 116 74 88 105 16 
21 52 105 23 54 7 103 59 97 90 16 103 88 26 
74 53 76 86 16 44 36 31 15 117 85 72 80 8 
38 54 102 56 23 99 67 105 28 84 16 117 112 58 
95 55 8 91 40 42 26 110 52 4 80 113 15 95 
88 56 14 107 33 9 119 107 110 83 102 89 106 119 
49 57 28 2 88 19 81 41 94 3 111 11 28 61 
81 58 46 85 95 6 22 107 74 59 98 13 70 28 
86 59 57 3 103 119 21 113 8 27 108 23 108 17 
99 60 94 97 36 81 29 32 94 25 10 95 25 99 
50 61 98 20 82 80 60 44 28 8 6 18 65 102 
47 62 19 42 19 111 13 106 16 37 83 26 114 84 
78 63 116 40 24 109 114 78 11 46 5 72 17 28 
63 64 22 14 59 109 85 16 24 37 32 21 24 44 
77 65 37 107 54 117 77 111 59 61 53 51 32 91 
51 66 46 61 57 45 13 54 113 29 37 102 81 70 
